id,forecastVolum
1,268
2,322
3,168
4,274
5,392
6,190
7,451
8,204
9,2001
10,353
11,668
12,187
13,334
14,351
15,614
16,395
17,320
18,293
19,575
20,117
21,320
22,256
23,353
24,361
25,258
26,270
27,670
28,443
29,1021
30,358
31,6211
32,756
33,1499
34,454
35,792
36,794
37,1359
38,738
39,625
40,1060
41,1242
42,269
43,418
44,589
45,152
46,315
47,223
48,342
49,417
50,148
51,400
52,165
53,1426
54,204
55,454
56,135
57,391
58,348
59,419
60,268
61,240
62,127
63,453
64,165
65,274
66,240
67,156
68,264
69,151
70,115
71,404
72,254
73,395
74,174
75,3085
76,374
77,867
78,311
79,407
80,518
81,1049
82,505
83,488
84,512
85,419
86,145
87,241
88,196
89,206
90,2873
91,504
92,98
93,1272
94,1524
95,2952
96,1537
97,1413
98,1856
99,1751
100,764
101,3259
102,3608
103,1300
104,1215
105,1376
106,444
107,976
108,264
109,1525
110,491
111,331
112,495
113,524
114,89
115,945
116,1154
117,1548
118,568
119,5058
120,645
121,1393
122,783
123,1903
124,2347
125,1008
126,1121
127,1276
128,380
129,361
130,577
131,570
132,427
133,1028
134,215
135,166
136,1059
137,372
138,376
139,1153
140,307
141,1080
142,138
143,1119
144,218
145,724
146,793
147,877
148,291
149,219
150,236
151,342
152,143
153,360
154,218
155,322
156,86
157,37
158,69
159,256
160,370
161,299
162,54
163,305
164,97
165,784
166,200
167,172
168,279
169,493
170,225
171,210
172,131
173,50
174,83
175,133
176,31
177,791
178,334
179,297
180,397
181,801
182,859
183,1018
184,379
185,858
186,309
187,1266
188,828
189,689
190,1025
191,927
192,996
193,1015
194,423
195,301
196,376
197,375
198,164
199,740
200,332
201,320
202,73
203,1180
204,1744
205,2392
206,582
207,1093
208,606
209,2974
210,1260
211,1454
212,2299
213,1813
214,1155
215,1147
216,789
217,348
218,371
219,584
220,147
221,127
222,340
223,237
224,243
225,1043
226,717
227,1635
228,615
229,1258
230,636
231,996
232,724
233,1230
234,2200
235,1932
236,888
237,910
238,624
239,229
240,511
241,1199
242,122
243,66
244,448
245,314
246,65
247,826
248,602
249,1219
250,775
251,1020
252,542
253,627
254,561
255,1424
256,1405
257,681
258,568
259,727
260,310
261,392
262,376
263,892
264,260
265,104
266,779
267,492
268,60
269,1287
270,990
271,1661
272,691
273,919
274,580
275,1135
276,800
277,1660
278,1722
279,839
280,928
281,863
282,432
283,304
284,407
285,706
286,478
287,335
288,1185
289,854
290,245
291,2186
292,1991
293,3315
294,833
295,2183
296,810
297,2799
298,1244
299,2354
300,4030
301,1985
302,1644
303,2043
304,736
305,964
306,847
307,1018
308,637
309,553
310,421
311,456
312,697
313,695
314,807
315,1155
316,627
317,494
318,162
319,1304
320,362
321,1265
322,1040
323,654
324,344
325,465
326,265
327,185
328,394
329,536
330,80
331,47
332,1006
333,682
334,235
335,1907
336,389
337,2402
338,875
339,1435
340,417
341,647
342,371
343,2455
344,1566
345,577
346,438
347,1038
348,452
349,933
350,211
351,634
352,1066
353,1461
354,962
355,514
356,339
357,1672
358,1812
359,2595
360,1038
361,1057
362,502
363,2809
364,1229
365,2640
366,3301
367,1550
368,1121
369,1484
370,858
371,523
372,803
373,1024
374,285
375,293
376,687
377,711
378,98
379,1189
380,1001
381,2761
382,1418
383,528
384,273
385,1179
386,418
387,2602
388,1806
389,603
390,261
391,463
392,316
393,752
394,291
395,831
396,548
397,313
398,436
399,489
400,827
401,995
402,638
403,1532
404,455
405,869
406,274
407,1179
408,378
409,1466
410,1436
411,770
412,573
413,516
414,468
415,650
416,400
417,531
418,760
419,334
420,261
421,90
422,113
423,347
424,409
425,541
426,72
427,439
428,124
429,661
430,311
431,343
432,346
433,680
434,323
435,387
436,229
437,136
438,167
439,140
440,105
441,419
442,515
443,491
444,315
445,1575
446,1076
447,1554
448,503
449,876
450,320
451,1960
452,537
453,2148
454,2029
455,1451
456,740
457,671
458,537
459,627
460,377
461,574
462,518
463,457
464,213
465,207
466,350
467,482
468,439
469,1072
470,183
471,466
472,150
473,1265
474,242
475,964
476,808
477,1103
478,290
479,277
480,247
481,212
482,100
483,263
484,198
485,27
486,44
487,51
488,27
489,145
490,320
491,538
492,204
493,79
494,72
495,195
496,64
497,481
498,298
499,59
500,150
501,152
502,34
503,124
504,60
505,107
506,81
507,608
508,239
509,98
510,586
511,580
512,355
513,518
514,130
515,1080
516,162
517,1298
518,247
519,376
520,336
521,1216
522,370
523,316
524,439
525,241
526,247
527,237
528,82
529,318
530,178
531,95
532,244
533,381
534,230
535,332
536,96
537,557
538,128
539,712
540,156
541,227
542,223
543,661
544,281
545,220
546,260
547,137
548,145
549,148
550,59
551,585
552,278
553,121
554,672
555,546
556,302
557,512
558,150
559,1006
560,167
561,1038
562,216
563,313
564,328
565,906
566,409
567,292
568,379
569,249
570,232
571,241
572,87
573,133
574,40
575,23
576,98
577,105
578,89
579,167
580,24
581,149
582,28
583,312
584,31
585,112
586,80
587,316
588,60
589,49
590,35
591,42
592,29
593,48
594,16
595,583
596,228
597,174
598,517
599,592
600,466
601,605
602,162
603,784
604,146
605,1245
606,290
607,469
608,450
609,1358
610,441
611,423
612,309
613,414
614,214
615,362
616,146
617,333
618,152
619,116
620,210
621,300
622,239
623,398
624,107
625,506
626,104
627,721
628,174
629,282
630,248
631,794
632,311
633,243
634,220
635,125
636,99
637,138
638,58
639,475
640,249
641,161
642,598
643,511
644,341
645,547
646,140
647,1062
648,178
649,1013
650,267
651,399
652,380
653,1039
654,448
655,400
656,294
657,341
658,195
659,289
660,128
661,516
662,255
663,74
664,474
665,480
666,389
667,480
668,83
669,1071
670,167
671,1084
672,218
673,400
674,373
675,1301
676,319
677,386
678,351
679,221
680,226
681,227
682,75
683,223
684,632
685,164
686,86
687,433
688,1036
689,1757
690,484
691,2790
692,1869
693,1363
694,480
695,1149
696,3579
697,796
698,527
699,814
700,345
701,458
702,173
703,635
704,394
705,491
706,219
707,304
708,58
709,605
710,344
711,768
712,188
713,206
714,90
715,1002
716,293
717,599
718,550
719,515
720,196
721,358
722,217
723,75
724,122
725,611
726,76
727,372
728,149
729,60
730,91
731,203
732,156
733,295
734,65
735,120
736,37
737,419
738,84
739,212
740,223
741,289
742,96
743,136
744,83
745,44
746,83
747,138
748,30
749,204
750,87
751,99
752,398
753,441
754,236
755,659
756,183
757,1584
758,301
759,747
760,268
761,455
762,325
763,630
764,522
765,428
766,560
767,243
768,324
769,189
770,97
771,190
772,345
773,464
774,532
775,736
776,246
777,716
778,295
779,1556
780,319
781,584
782,312
783,806
784,671
785,595
786,1083
787,561
788,366
789,602
790,458
791,513
792,327
793,82
794,150
795,112
796,47
797,299
798,176
799,264
800,105
801,684
802,171
803,476
804,236
805,249
806,348
807,436
808,202
809,283
810,193
811,144
812,131
813,108
814,81
815,266
816,270
817,377
818,239
819,863
820,560
821,1825
822,871
823,5761
824,1478
825,1722
826,1030
827,1567
828,1564
829,1192
830,1019
831,1296
832,992
833,1249
834,440
835,357
836,626
837,246
838,404
839,345
840,327
841,433
842,419
843,992
844,439
845,2131
846,330
847,777
848,384
849,839
850,1012
851,753
852,1106
853,584
854,529
855,681
856,215
857,416
858,501
859,170
860,323
861,233
862,130
863,382
864,411
865,608
866,277
867,1664
868,295
869,842
870,326
871,547
872,667
873,775
874,702
875,381
876,433
877,352
878,147
879,253
880,253
881,158
882,20
883,25
884,200
885,43
886,57
887,267
888,92
889,699
890,24
891,314
892,34
893,228
894,148
895,343
896,54
897,39
898,61
899,104
900,21
901,32
902,37
903,198
904,280
905,126
906,140
907,416
908,288
909,579
910,213
911,2429
912,290
913,619
914,290
915,500
916,432
917,719
918,521
919,409
920,516
921,334
922,159
923,176
924,167
925,280
926,126
927,191
928,359
929,354
930,315
931,761
932,323
933,1821
934,140
935,824
936,224
937,712
938,554
939,1104
940,470
941,441
942,403
943,700
944,143
945,217
946,357
947,243
948,64
949,51
950,307
951,249
952,110
953,223
954,45
955,354
956,40
957,227
958,66
959,134
960,119
961,113
962,123
963,124
964,97
965,85
966,111
967,124
968,52
969,113
970,75
971,54
972,13
973,175
974,375
975,394
976,99
977,382
978,53
979,537
980,289
981,292
982,502
983,602
984,229
985,208
986,158
987,35
988,27
989,73
990,24
991,50
992,74
993,57
994,39
995,159
996,210
997,397
998,44
999,144
1000,44
1001,328
1002,153
1003,278
1004,293
1005,307
1006,212
1007,233
1008,112
1009,89
1010,40
1011,138
1012,52
1013,275
1014,117
1015,51
1016,119
1017,644
1018,627
1019,691
1020,128
1021,861
1022,174
1023,1542
1024,452
1025,458
1026,1372
1027,1152
1028,452
1029,454
1030,369
1031,141
1032,286
1033,242
1034,69
1035,45
1036,182
1037,301
1038,27
1039,443
1040,264
1041,1135
1042,693
1043,354
1044,230
1045,361
1046,189
1047,1373
1048,847
1049,469
1050,199
1051,251
1052,215
1053,580
1054,92
1055,302
1056,317
1057,285
1058,273
1059,200
1060,200
1061,554
1062,771
1063,720
1064,203
1065,652
1066,163
1067,952
1068,554
1069,740
1070,1147
1071,1293
1072,531
1073,455
1074,290
1075,147
1076,219
1077,317
1078,98
1079,142
1080,156
1081,32
1082,41
1083,258
1084,232
1085,388
1086,67
1087,315
1088,113
1089,585
1090,172
1091,393
1092,362
1093,361
1094,171
1095,157
1096,194
1097,51
1098,109
1099,145
1100,32
1123,362
1124,238
1125,47
1126,85
1127,596
1128,612
1129,460
1130,63
1131,1137
1132,234
1133,1105
1134,339
1135,403
1136,574
1137,888
1138,419
1139,393
1140,505
1141,91
1142,336
1143,191
1144,53
1145,296
1146,331
1147,182
1148,357
1149,496
1150,248
1151,567
1152,148
1153,960
1154,178
1155,516
1156,177
1157,495
1158,486
1159,382
1160,299
1161,374
1162,181
1163,215
1164,357
1165,252
1166,224
1167,210
1168,282
1169,164
1170,87
1171,606
1172,1020
1173,897
1174,274
1175,711
1176,397
1177,1083
1178,417
1179,687
1180,1496
1181,525
1182,356
1183,738
1184,400
1185,143
1186,346
1187,679
1188,89
1189,32
1190,73
1191,137
1192,23
1193,135
1194,167
1195,361
1196,80
1197,40
1198,23
1199,102
1200,124
1201,211
1202,333
1203,59
1204,163
1205,468
1206,25
1207,53
1208,90
1209,290
1210,74
1211,93
1212,403
1213,361
1214,98
1215,1075
1216,409
1217,739
1218,686
1219,562
1220,234
1221,618
1222,327
1223,1249
1224,1016
1225,404
1226,303
1227,511
1228,189
1229,149
1230,650
1231,712
1232,127
1233,305
1234,749
1235,687
1236,224
1237,1554
1238,754
1239,912
1240,521
1241,1083
1242,331
1243,1352
1244,451
1245,1207
1246,1659
1247,1094
1248,617
1249,1016
1250,418
1251,229
1252,1322
1253,872
1254,207
1255,24
1256,645
1257,43
1258,114
1259,384
1260,137
1261,340
1262,90
1263,377
1264,28
1265,432
1266,63
1267,451
1268,537
1269,285
1270,314
1271,229
1272,80
1273,140
1274,407
1275,141
1276,26
1277,67
1278,132
1279,94
1280,61
1281,459
1282,165
1283,304
1284,134
1285,246
1286,122
1287,316
1288,111
1289,460
1290,419
1291,178
1292,57
1293,224
1294,88
1295,25
1296,540
1297,331
1298,12
1299,636
1300,70
1301,73
1302,29
1303,354
1304,389
1305,384
1306,161
1307,370
1308,150
1309,708
1310,305
1311,302
1312,803
1313,328
1314,310
1315,350
1316,117
1317,40
1318,70
1319,193
1320,12
1321,113
1322,94
1323,67
1324,64
1325,229
1326,176
1327,152
1328,38
1329,483
1330,172
1331,370
1332,92
1333,117
1334,128
1335,338
1336,206
1337,294
1338,111
1339,89
1340,113
1341,242
1342,54
1343,191
1344,213
1345,115
1346,207
1347,244
1348,122
1349,287
1350,132
1351,1552
1352,228
1353,473
1354,110
1355,235
1356,230
1357,439
1358,240
1359,196
1360,204
1361,445
1362,80
1363,211
1364,202
1365,296
1366,301
1367,219
1368,218
1369,475
1370,313
1371,801
1372,291
1373,5162
1374,612
1375,1236
1376,340
1377,667
1378,621
1379,1196
1380,543
1381,466
1382,863
1383,1192
1384,214
1385,317
1386,551
1387,104
1388,224
1389,160
1390,278
1391,257
1392,95
1393,264
1394,112
1395,1040
1396,137
1397,313
1398,84
1399,284
1400,234
1401,293
1402,175
1403,165
1404,85
1405,352
1406,109
1407,183
1408,183
1409,121
1410,182
1411,111
1412,88
1413,271
1414,176
1415,273
1416,124
1417,2497
1418,275
1419,703
1420,206
1421,334
1422,353
1423,865
1424,332
1425,323
1426,375
1427,344
1428,107
1429,166
1430,167
1431,165
1432,2119
1433,437
1434,78
1435,1119
1436,1291
1437,2403
1438,1092
1439,1163
1440,1215
1441,1536
1442,618
1443,2835
1444,2950
1445,1102
1446,808
1447,979
1448,389
1449,803
1450,216
1451,1011
1452,456
1453,190
1454,320
1455,333
1456,60
1457,586
1458,761
1459,1049
1460,371
1461,3732
1462,376
1463,1044
1464,442
1465,1495
1466,1784
1467,688
1468,704
1469,878
1470,237
1471,254
1472,318
1473,315
1474,303
1475,844
1476,186
1477,132
1478,916
1479,274
1480,283
1481,983
1482,235
1483,774
1484,100
1485,964
1486,168
1487,598
1488,622
1489,698
1490,219
1491,170
1492,184
1493,290
1494,124
1495,269
1496,185
1497,221
1498,64
1499,30
1500,55
1501,164
1502,223
1503,203
1504,43
1505,169
1506,66
1507,558
1508,125
1509,122
1510,177
1511,333
1512,141
1513,128
1514,87
1515,40
1516,62
1517,88
1518,21
1519,535
1520,235
1521,214
1522,285
1523,498
1524,498
1525,620
1526,272
1527,550
1528,208
1529,833
1530,480
1531,458
1532,679
1533,627
1534,599
1535,589
1536,278
1537,203
1538,241
1539,246
1540,123
1541,526
1542,247
1543,224
1544,52
1545,827
1546,1208
1547,1793
1548,436
1549,797
1550,409
1551,2613
1552,834
1553,1185
1554,1623
1555,1436
1556,755
1557,771
1558,558
1559,270
1560,247
1561,385
1562,119
1563,87
1564,246
1565,168
1566,190
1567,653
1568,450
1569,1085
1570,380
1571,756
1572,407
1573,695
1574,420
1575,856
1576,1250
1577,1313
1578,428
1579,531
1580,441
1581,164
1582,324
1583,732
1584,92
1585,47
1586,296
1587,204
1588,53
1589,505
1590,356
1591,835
1592,475
1593,595
1594,334
1595,443
1596,312
1597,1023
1598,878
1599,432
1600,327
1601,401
1602,205
1603,266
1604,231
1605,484
1606,197
1607,70
1608,522
1609,321
1610,45
1611,890
1612,612
1613,1069
1614,443
1615,540
1616,344
1617,890
1618,428
1619,1169
1620,1049
1621,589
1622,497
1623,453
1624,292
1625,221
1626,254
1627,407
1628,389
1629,214
1630,805
1631,505
1632,172
1633,1212
1634,1052
1635,2086
1636,487
1637,1194
1638,441
1639,2002
1640,629
1641,1570
1642,2398
1643,1263
1644,865
1645,1054
1646,440
1647,639
1648,454
1649,532
1650,457
1651,379
1652,283
1653,327
1654,528
1655,458
1656,461
1657,796
1658,427
1659,304
1660,95
1661,965
1662,206
1663,956
1664,699
1665,437
1666,199
1667,283
1668,169
1669,135
1670,248
1671,352
1672,67
1673,39
1674,741
1675,494
1676,183
1677,1652
1678,292
1679,1963
1680,624
1681,1088
1682,299
1683,534
1684,252
1685,2063
1686,1101
1687,442
1688,304
1689,690
1690,346
1691,807
1692,154
1693,452
1694,957
1695,908
1696,645
1697,359
1698,269
1699,1137
1700,1214
1701,1881
1702,716
1703,716
1704,324
1705,2207
1706,760
1707,2075
1708,2415
1709,1079
1710,700
1711,954
1712,605
1713,377
1714,482
1715,716
1716,235
1717,230
1718,426
1719,420
1720,74
1721,826
1722,629
1723,2111
1724,988
1725,330
1726,186
1727,866
1728,218
1729,2166
1730,1207
1731,399
1732,160
1733,270
1734,206
1735,555
1736,207
1737,505
1738,392
1739,212
1740,297
1741,348
1742,645
1743,642
1744,414
1745,1120
1746,330
1747,531
1748,177
1749,936
1750,223
1751,1185
1752,1047
1753,530
1754,345
1755,310
1756,287
1757,526
1758,269
1759,360
1760,641
1761,235
1762,187
1763,59
1764,73
1765,257
1766,266
1767,353
1768,49
1769,299
1770,82
1771,482
1772,203
1773,255
1774,240
1775,469
1776,212
1777,252
1778,158
1779,99
1780,107
1781,93
1782,83
1783,297
1784,361
1785,332
1786,243
1787,1132
1788,751
1789,1141
1790,361
1791,603
1792,228
1793,1564
1794,355
1795,1690
1796,1404
1797,1082
1798,445
1799,399
1800,359
1801,471
1802,260
1803,354
1804,437
1805,441
1806,183
1807,179
1808,322
1809,404
1810,389
1811,982
1812,151
1813,403
1814,123
1815,1262
1816,196
1817,892
1818,715
1819,1048
1820,250
1821,254
1822,229
1823,198
1824,86
1825,235
1826,198
1827,21
1828,31
1829,39
1830,21
1831,88
1832,193
1833,314
1834,136
1835,47
1836,48
1837,132
1838,37
1839,294
1840,179
1841,44
1842,84
1843,85
1844,22
1845,81
1846,39
1847,63
1848,56
1849,488
1850,175
1851,69
1852,435
1853,441
1854,248
1855,389
1856,98
1857,801
1858,114
1859,1017
1860,168
1861,273
1862,233
1863,949
1864,248
1865,217
1866,322
1867,184
1868,182
1869,166
1870,66
1871,209
1872,119
1873,69
1874,173
1875,224
1876,152
1877,210
1878,66
1879,351
1880,81
1881,489
1882,96
1883,159
1884,151
1885,461
1886,179
1887,141
1888,174
1889,93
1890,96
1891,98
1892,44
1893,425
1894,184
1895,92
1896,505
1897,357
1898,194
1899,335
1900,108
1901,701
1902,116
1903,764
1904,139
1905,225
1906,217
1907,653
1908,258
1909,192
1910,244
1911,183
1912,163
1913,161
1914,72
1915,109
1916,40
1917,21
1918,85
1919,84
1920,79
1921,140
1922,23
1923,119
1924,23
1925,274
1926,28
1927,97
1928,71
1929,268
1930,51
1931,42
1932,33
1933,42
1934,25
1935,43
1936,18
1937,367
1938,153
1939,115
1940,350
1941,380
1942,255
1943,397
1944,105
1945,480
1946,88
1947,856
1948,153
1949,328
1950,279
1951,922
1952,241
1953,229
1954,178
1955,284
1956,136
1957,207
1958,105
1959,254
1960,119
1961,93
1962,161
1963,224
1964,177
1965,286
1966,82
1967,353
1968,83
1969,610
1970,125
1971,232
1972,185
1973,647
1974,221
1975,178
1976,160
1977,96
1978,77
1979,102
1980,52
1981,287
1982,167
1983,102
1984,426
1985,315
1986,204
1987,326
1988,87
1989,647
1990,107
1991,676
1992,146
1993,274
1994,235
1995,705
1996,254
1997,231
1998,173
1999,213
2000,121
2001,174
2002,94
2003,395
2004,186
2005,56
2006,326
2007,335
2008,257
2009,319
2010,70
2011,722
2012,108
2013,857
2014,139
2015,287
2016,253
2017,1006
2018,204
2019,230
2020,227
2021,172
2022,168
2023,159
2024,57
2025,149
2026,443
2027,122
2028,65
2029,299
2030,634
2031,1176
2032,318
2033,1946
2034,1137
2035,1088
2036,325
2037,926
2038,2634
2039,511
2040,312
2041,497
2042,241
2043,355
2044,120
2045,368
2046,332
2047,312
2048,156
2049,213
2050,50
2051,352
2052,216
2053,491
2054,127
2055,137
2056,62
2057,742
2058,176
2059,381
2060,328
2061,360
2062,127
2063,202
2064,150
2065,59
2066,86
2067,382
2068,67
2069,199
2070,108
2071,46
2072,61
2073,130
2074,95
2075,196
2076,44
2077,73
2078,28
2079,293
2080,49
2081,147
2082,140
2083,186
2084,52
2085,83
2086,56
2087,31
2088,61
2089,85
2090,27
2091,137
2092,66
2093,70
2094,293
2095,278
2096,151
2097,459
2098,121
2099,946
2100,187
2101,557
2102,157
2103,338
2104,200
2105,458
2106,308
2107,295
2108,375
2109,181
2110,212
2111,120
2112,77
2113,128
2114,226
2115,289
2116,370
2117,476
2118,155
2119,447
2120,193
2121,1020
2122,202
2123,418
2124,173
2125,562
2126,390
2127,390
2128,639
2129,319
2130,246
2131,428
2132,295
2133,311
2134,236
2135,56
2136,108
2137,76
2138,39
2139,181
2140,115
2141,174
2142,72
2143,363
2144,111
2145,311
2146,138
2147,173
2148,205
2149,283
2150,120
2151,159
2152,127
2153,102
2154,86
2155,70
2156,62
2157,187
2158,208
2159,258
2160,186
2161,607
2162,372
2163,1305
2164,632
2165,4607
2166,1087
2167,1540
2168,691
2169,1294
2170,1060
2171,996
2172,664
2173,892
2174,739
2175,1068
2176,311
2177,236
2178,463
2179,164
2180,230
2181,208
2182,222
2183,257
2184,248
2185,586
2186,270
2187,1342
2188,197
2189,484
2190,218
2191,538
2192,632
2193,446
2194,623
2195,328
2196,308
2197,433
2198,124
2199,242
2200,311
2201,123
2202,216
2203,174
2204,93
2205,247
2206,258
2207,427
2208,191
2209,1206
2210,192
2211,612
2212,212
2213,401
2214,425
2215,547
2216,454
2217,235
2218,306
2219,264
2220,100
2221,159
2222,191
2223,108
2224,17
2225,20
2226,137
2227,29
2228,40
2229,176
2230,65
2231,446
2232,19
2233,223
2234,21
2235,164
2236,99
2237,248
2238,37
2239,25
2240,40
2241,74
2242,16
2243,21
2244,27
2245,145
2246,206
2247,92
2248,99
2249,244
2250,182
2251,366
2252,145
2253,1659
2254,187
2255,449
2256,164
2257,343
2258,286
2259,533
2260,304
2261,250
2262,346
2263,254
2264,107
2265,115
2266,133
2267,203
2268,87
2269,128
2270,256
2271,198
2272,182
2273,473
2274,217
2275,1146
2276,88
2277,562
2278,128
2279,468
2280,317
2281,764
2282,267
2283,253
2284,281
2285,486
2286,98
2287,141
2288,264
2289,159
2290,47
2291,36
2292,216
2293,141
2294,68
2295,136
2296,29
2297,208
2298,29
2299,153
2300,41
2301,90
2302,74
2303,73
2304,70
2305,71
2306,60
2307,58
2308,73
2309,77
2310,39
2311,67
2312,49
2313,31
2314,13
2315,99
2316,172
2317,200
2318,58
2319,190
2320,29
2321,282
2322,136
2323,175
2324,242
2325,305
2326,116
2327,104
2328,92
2329,28
2330,16
2331,44
2332,19
2333,25
2334,48
2335,31
2336,25
2337,94
2338,113
2339,185
2340,25
2341,78
2342,25
2343,167
2344,82
2345,155
2346,139
2347,165
2348,109
2349,116
2350,64
2351,52
2352,23
2353,80
2354,35
2355,155
2356,69
2357,34
2358,76
2359,313
2360,330
2361,361
2362,75
2363,423
2364,104
2365,979
2366,222
2367,261
2368,758
2369,723
2370,220
2371,216
2372,220
2373,88
2374,167
2375,126
2376,48
2377,30
2378,125
2379,184
2380,21
2381,274
2382,161
2383,678
2384,386
2385,191
2386,136
2387,233
2388,110
2389,940
2390,442
2391,270
2392,109
2393,151
2394,135
2395,338
2396,61
2397,167
2398,207
2399,163
2400,160
2401,121
2402,124
2403,268
2404,373
2405,384
2406,116
2407,285
2408,96
2409,572
2410,249
2411,438
2412,628
2413,768
2414,245
2415,212
2416,158
2417,93
2418,125
2419,179
2420,66
2421,93
2422,116
2423,29
2424,35
2425,190
2426,176
2427,296
2428,49
2429,222
2430,76
2431,455
2432,107
2433,306
2434,277
2435,293
2436,113
2437,103
2438,142
2439,44
2440,79
2441,102
2442,31
2465,206
2466,149
2467,37
2468,59
2469,336
2470,358
2471,263
2472,47
2473,648
2474,142
2475,776
2476,192
2477,260
2478,338
2479,560
2480,243
2481,214
2482,293
2483,65
2484,203
2485,114
2486,43
2487,179
2488,201
2489,112
2490,216
2491,299
2492,149
2493,307
2494,95
2495,528
2496,105
2497,334
2498,96
2499,312
2500,279
2501,227
2502,164
2503,199
2504,101
2505,139
2506,213
2507,149
2508,163
2509,132
2510,166
2511,101
2512,61
2513,311
2514,523
2515,457
2516,157
2517,355
2518,203
2519,578
2520,206
2521,403
2522,830
2523,304
2524,185
2525,323
2526,210
2527,92
2528,180
2529,325
2530,64
2531,18
2532,49
2533,73
2534,16
2535,76
2536,88
2537,201
2538,47
2539,22
2540,14
2541,65
2542,63
2543,127
2544,175
2545,38
2546,83
2547,211
2548,16
2549,35
2550,50
2551,157
2552,53
2553,59
2554,257
2555,203
2556,64
2557,653
2558,208
2559,392
2560,385
2561,293
2562,139
2563,363
2564,173
2565,781
2566,546
2567,242
2568,160
2569,255
2570,118
2571,103
2572,358
2573,360
2574,98
2575,159
2576,419
2577,382
2578,132
2579,882
2580,365
2581,520
2582,309
2583,611
2584,182
2585,850
2586,230
2587,766
2588,866
2589,643
2590,287
2591,485
2592,225
2593,145
2594,723
2595,419
2596,140
2597,24
2598,564
2599,39
2600,81
2601,327
2602,98
2603,268
2604,77
2605,296
2606,22
2607,365
2608,47
2609,391
2610,408
2611,249
2612,228
2613,173
2614,69
2615,118
2616,355
2617,107
2618,23
2619,48
2620,97
2621,64
2622,47
2623,286
2624,100
2625,179
2626,86
2627,138
2628,76
2629,201
2630,65
2631,289
2632,224
2633,126
2634,33
2635,124
2636,57
2637,18
2638,293
2639,176
2640,13
2641,360
2642,48
2643,45
2644,26
2645,185
2646,199
2647,212
2648,97
2649,203
2650,83
2651,454
2652,162
2653,185
2654,411
2655,201
2656,174
2657,168
2658,68
2659,29
2660,42
2661,109
2662,12
2663,74
2664,67
2665,43
2666,48
2667,140
2668,111
2669,95
2670,27
2671,288
2672,101
2673,228
2674,56
2675,77
2676,84
2677,205
2678,130
2679,174
2680,66
2681,61
2682,71
2683,157
2684,38
2685,248
2686,267
2687,150
2688,247
2689,291
2690,146
2691,382
2692,176
2693,1995
2694,297
2695,595
2696,150
2697,313
2698,302
2699,548
2700,324
2701,278
2702,268
2703,568
2704,99
2705,276
2706,280
2707,379
2708,374
2709,284
2710,269
2711,630
2712,409
2713,974
2714,382
2715,7061
2716,790
2717,1694
2718,443
2719,850
2720,811
2721,1542
2722,684
2723,618
2724,1101
2725,1500
2726,272
2727,402
2728,780
2729,137
2730,273
2731,201
2732,315
2733,331
2734,116
2735,345
2736,146
2737,1267
2738,176
2739,397
2740,113
2741,355
2742,300
2743,361
2744,224
2745,219
2746,100
2747,446
2748,133
2749,222
2750,246
2751,152
2752,234
2753,145
2754,106
2755,349
2756,221
2757,397
2758,171
2759,3439
2760,412
2761,859
2762,294
2763,467
2764,498
2765,1143
2766,422
2767,440
2768,539
2769,507
2770,134
2771,228
2772,244
2773,198
2774,1960
2775,510
2776,91
2777,1089
2778,1179
2779,2248
2780,1199
2781,1301
2782,1320
2783,1472
2784,613
2785,2668
2786,2627
2787,1187
2788,858
2789,1087
2790,433
2791,927
2792,231
2793,1150
2794,552
2795,271
2796,413
2797,435
2798,75
2799,697
2800,833
2801,1391
2802,485
2803,4834
2804,488
2805,1245
2806,568
2807,1903
2808,2084
2809,839
2810,840
2811,1062
2812,333
2813,354
2814,405
2815,406
2816,417
2817,1038
2818,254
2819,191
2820,1112
2821,350
2822,397
2823,1259
2824,354
2825,1071
2826,146
2827,1183
2828,235
2829,805
2830,823
2831,936
2832,319
2833,257
2834,269
2835,438
2836,165
2837,373
2838,300
2839,299
2840,73
2841,44
2842,60
2843,193
2844,296
2845,302
2846,55
2847,250
2848,75
2849,693
2850,179
2851,162
2852,242
2853,446
2854,180
2855,183
2856,99
2857,56
2858,71
2859,101
2860,29
2861,728
2862,290
2863,263
2864,365
2865,661
2866,638
2867,840
2868,369
2869,772
2870,268
2871,1037
2872,667
2873,612
2874,882
2875,789
2876,769
2877,799
2878,357
2879,291
2880,315
2881,309
2882,163
2883,742
2884,331
2885,327
2886,72
2887,1179
2888,1704
2889,2558
2890,644
2891,1228
2892,642
2893,3380
2894,1299
2895,1712
2896,2343
2897,1784
2898,1069
2899,1157
2900,789
2901,439
2902,347
2903,534
2904,177
2905,111
2906,309
2907,227
2908,295
2909,727
2910,521
2911,1198
2912,475
2913,1052
2914,546
2915,738
2916,530
2917,1011
2918,1345
2919,1441
2920,502
2921,635
2922,573
2923,226
2924,420
2925,870
2926,121
2927,58
2928,351
2929,260
2930,60
2931,567
2932,416
2933,933
2934,614
2935,828
2936,419
2937,544
2938,364
2939,1131
2940,937
2941,575
2942,385
2943,482
2944,272
2945,357
2946,279
2947,560
2948,259
2949,88
2950,624
2951,427
2952,56
2953,960
2954,695
2955,1241
2956,567
2957,729
2958,472
2959,984
2960,531
2961,1389
2962,1229
2963,721
2964,640
2965,589
2966,395
2967,306
2968,313
2969,476
2970,528
2971,296
2972,865
2973,670
2974,249
2975,1358
2976,1134
2977,2284
2978,632
2979,1570
2980,573
2981,2248
2982,749
2983,1833
2984,2327
2985,1512
2986,1010
2987,1218
2988,553
2989,837
2990,522
2991,614
2992,624
2993,508
2994,363
2995,447
2996,679
2997,567
2998,641
2999,1058
3000,574
3001,448
3002,126
3003,1169
3004,284
3005,1203
3006,903
3007,607
3008,262
3009,388
3010,217
3011,194
3012,317
3013,460
3014,89
3015,60
3016,905
3017,692
3018,244
3019,2233
3020,370
3021,2350
3022,786
3023,1697
3024,389
3025,660
3026,320
3027,2512
3028,1465
3029,596
3030,390
3031,882
3032,451
3033,1093
3034,186
3035,583
3036,1286
3037,1480
3038,817
3039,523
3040,588
3041,1599
3042,1587
3043,2336
3044,982
3045,1093
3046,459
3047,2605
3048,1046
3049,2606
3050,3046
3051,1497
3052,959
3053,1299
3054,811
3055,583
3056,658
3057,905
3058,333
3059,326
3060,522
3061,619
3062,91
3063,1071
3064,843
3065,2562
3066,1303
3067,489
3068,231
3069,1122
3070,291
3071,2821
3072,1624
3073,569
3074,211
3075,379
3076,276
3077,769
3078,251
3079,688
3080,586
3081,291
3082,396
3083,468
3084,794
3085,755
3086,533
3087,1428
3088,432
3089,774
3090,231
3091,1171
3092,318
3093,1420
3094,1312
3095,726
3096,452
3097,429
3098,382
3099,681
3100,337
3101,447
3102,872
3103,301
3104,227
3105,79
3106,100
3107,310
3108,320
3109,450
3110,64
3111,410
3112,105
3113,565
3114,262
3115,325
3116,301
3117,572
3118,266
3119,321
3120,200
3121,130
3122,130
3123,114
3124,106
3125,400
3126,442
3127,456
3128,347
3129,1452
3130,932
3131,1569
3132,496
3133,904
3134,319
3135,1985
3136,498
3137,2312
3138,1849
3139,1454
3140,564
3141,583
3142,500
3143,687
3144,333
3145,459
3146,655
3147,579
3148,235
3149,246
3150,431
3151,490
3152,502
3153,1372
3154,208
3155,567
3156,167
3157,1657
3158,287
3159,1181
3160,934
3161,1386
3162,335
3163,356
3164,296
3165,297
3166,105
3167,312
3168,286
3169,28
3170,34
3171,50
3172,25
3173,86
3174,221
3175,368
3176,162
3177,56
3178,49
3179,142
3180,41
3181,334
3182,200
3183,50
3184,87
3185,99
3186,28
3187,99
3188,41
3189,64
3190,70
3191,586
3192,222
3193,99
3194,557
3195,528
3196,330
3197,513
3198,122
3199,1009
3200,144
3201,1231
3202,240
3203,367
3204,322
3205,1146
3206,321
3207,288
3208,437
3209,259
3210,227
3211,217
3212,93
3213,292
3214,153
3215,89
3216,235
3217,309
3218,199
3219,297
3220,84
3221,492
3222,103
3223,636
3224,132
3225,206
3226,201
3227,612
3228,242
3229,188
3230,238
3231,129
3232,122
3233,124
3234,64
3235,538
3236,240
3237,114
3238,628
3239,439
3240,251
3241,461
3242,138
3243,881
3244,150
3245,903
3246,183
3247,298
3248,291
3249,780
3250,339
3251,251
3252,323
3253,251
3254,202
3255,209
3256,99
3257,132
3258,45
3259,28
3260,98
3261,100
3262,87
3263,175
3264,29
3265,166
3266,31
3267,347
3268,38
3269,111
3270,81
3271,351
3272,62
3273,54
3274,44
3275,51
3276,32
3277,48
3278,25
3279,497
3280,192
3281,147
3282,462
3283,476
3284,343
3285,521
3286,139
3287,677
3288,120
3289,1051
3290,222
3291,429
3292,388
3293,1159
3294,342
3295,339
3296,240
3297,395
3298,171
3299,282
3300,143
3301,333
3302,144
3303,111
3304,212
3305,294
3306,220
3307,377
3308,104
3309,505
3310,97
3311,723
3312,153
3313,293
3314,249
3315,779
3316,276
3317,239
3318,204
3319,122
3320,88
3321,117
3322,66
3323,402
3324,207
3325,134
3326,596
3327,398
3328,270
3329,433
3330,115
3331,836
3332,139
3333,816
3334,207
3335,367
3336,320
3337,864
3338,364
3339,332
3340,232
3341,322
3342,151
3343,224
3344,121
3345,534
3346,253
3347,82
3348,496
3349,485
3350,361
3351,480
3352,90
3353,1020
3354,152
3355,1119
3356,205
3357,426
3358,376
3359,1387
3360,308
3361,355
3362,331
3363,247
3364,243
3365,216
3366,92
3367,198
3368,462
3369,145
3370,75
3371,338
3372,625
3373,1239
3374,395
3375,2125
3376,1180
3377,1088
3378,366
3379,928
3380,2322
3381,587
3382,342
3383,538
3384,313
3385,448
3386,126
3387,432
3388,418
3389,437
3390,195
3391,276
3392,61
3393,450
3394,267
3395,630
3396,167
3397,185
3398,75
3399,878
3400,222
3401,483
3402,434
3403,477
3404,159
3405,274
3406,183
3407,79
3408,96
3409,487
3410,84
3411,273
3412,131
3413,58
3414,77
3415,166
3416,117
3417,280
3418,60
3419,94
3420,36
3421,396
3422,64
3423,198
3424,194
3425,265
3426,65
3427,113
3428,68
3429,41
3430,71
3431,117
3432,40
3433,171
3434,77
3435,91
3436,384
3437,325
3438,188
3439,638
3440,167
3441,1309
3442,253
3443,698
3444,224
3445,480
3446,276
3447,602
3448,424
3449,396
3450,519
3451,275
3452,278
3453,150
3454,105
3455,145
3456,275
3457,365
3458,455
3459,503
3460,185
3461,544
3462,246
3463,1325
3464,244
3465,460
3466,214
3467,668
3468,469
3469,455
3470,730
3471,392
3472,290
3473,536
3474,328
3475,364
3476,321
3477,64
3478,108
3479,88
3480,44
3481,187
3482,124
3483,193
3484,80
3485,493
3486,127
3487,341
3488,156
3489,200
3490,225
3491,332
3492,128
3493,179
3494,144
3495,124
3496,85
3497,72
3498,71
3499,254
3500,245
3501,352
3502,235
3503,683
3504,489
3505,1643
3506,740
3507,6472
3508,1403
3509,1890
3510,851
3511,1617
3512,1340
3513,1274
3514,819
3515,1075
3516,900
3517,1333
3518,370
3519,302
3520,654
3521,204
3522,280
3523,285
3524,279
3525,300
3526,301
3527,716
3528,327
3529,1747
3530,251
3531,619
3532,283
3533,695
3534,791
3535,566
3536,757
3537,417
3538,380
3539,552
3540,152
3541,288
3542,408
3543,155
3544,295
3545,234
3546,108
3547,305
3548,336
3549,576
3550,274
3551,1722
3552,265
3553,754
3554,299
3555,527
3556,589
3557,702
3558,559
3559,336
3560,406
3561,362
3562,122
3563,215
3564,262
3565,130
3566,21
3567,28
3568,167
3569,32
3570,48
3571,229
3572,72
3573,584
3574,23
3575,270
3576,29
3577,197
3578,113
3579,290
3580,45
3581,32
3582,48
3583,94
3584,23
3585,27
3586,36
3587,171
3588,223
3589,106
3590,103
3591,297
3592,217
3593,446
3594,174
3595,2133
3596,240
3597,525
3598,212
3599,418
3600,355
3601,603
3602,380
3603,316
3604,429
3605,325
3606,121
3607,125
3608,180
3609,274
3610,101
3611,158
3612,321
3613,239
3614,212
3615,614
3616,290
3617,1707
3618,109
3619,692
3620,157
3621,614
3622,420
3623,922
3624,343
3625,339
3626,363
3627,662
3628,118
3629,172
3630,370
3631,201
3632,54
3633,52
3634,268
3635,179
3636,78
3637,176
3638,38
3639,288
3640,38
3641,175
3642,53
3643,106
3644,91
3645,91
3646,84
3647,93
3648,74
3649,74
3650,85
3651,91
3652,53
3653,64
3654,38
3655,32
3656,15
3657,86
3658,166
3659,203
3660,55
3661,201
3662,30
3663,263
3664,132
3665,176
3666,230
3667,287
3668,111
3669,103
3670,84
3671,30
3672,16
3673,37
3674,23
3675,27
3676,44
3677,34
3678,24
3679,95
3680,112
3681,189
3682,25
3683,103
3684,27
3685,182
3686,85
3687,153
3688,139
3689,179
3690,109
3691,126
3692,63
3693,56
3694,21
3695,82
3696,35
3697,176
3698,65
3699,41
3700,75
3701,298
3702,320
3703,378
3704,80
3705,541
3706,103
3707,985
3708,236
3709,290
3710,739
3711,779
3712,235
3713,254
3714,231
3715,102
3716,166
3717,135
3718,57
3719,41
3720,120
3721,198
3722,24
3723,204
3724,153
3725,576
3726,362
3727,218
3728,135
3729,210
3730,112
3731,746
3732,360
3733,261
3734,108
3735,152
3736,145
3737,366
3738,58
3739,165
3740,219
3741,180
3742,156
3743,130
3744,138
3745,248
3746,385
3747,397
3748,127
3749,348
3750,100
3751,582
3752,250
3753,473
3754,627
3755,773
3756,245
3757,230
3758,162
3759,106
3760,122
3761,179
3762,69
3763,93
3764,126
3765,34
3766,35
3767,213
3768,199
3769,333
3770,55
3771,296
3772,89
3773,514
3774,136
3775,341
3776,329
3777,327
3778,130
3779,125
3780,163
3781,54
3782,83
3783,106
3784,43
3807,282
3808,181
3809,48
3810,60
3811,426
3812,433
3813,352
3814,54
3815,894
3816,179
3817,900
3818,265
3819,340
3820,446
3821,713
3822,318
3823,303
3824,390
3825,87
3826,252
3827,129
3828,57
3829,225
3830,237
3831,135
3832,269
3833,360
3834,160
3835,403
3836,112
3837,683
3838,126
3839,386
3840,116
3841,362
3842,361
3843,272
3844,198
3845,260
3846,118
3847,179
3848,248
3849,176
3850,203
3851,146
3852,160
3853,103
3854,52
3855,333
3856,532
3857,476
3858,162
3859,501
3860,221
3861,609
3862,214
3863,416
3864,841
3865,335
3866,191
3867,356
3868,226
3869,108
3870,180
3871,315
3872,64
3873,21
3874,37
3875,69
3876,16
3877,62
3878,77
3879,193
3880,44
3881,29
3882,18
3883,56
3884,56
3885,119
3886,168
3887,36
3888,75
3889,215
3890,20
3891,37
3892,43
3893,150
3894,51
3895,64
3896,259
3897,246
3898,64
3899,695
3900,235
3901,423
3902,415
3903,385
3904,160
3905,389
3906,205
3907,824
3908,570
3909,276
3910,181
3911,283
3912,136
3913,128
3914,378
3915,376
3916,108
3917,206
3918,480
3919,451
3920,165
3921,916
3922,381
3923,599
3924,369
3925,789
3926,216
3927,929
3928,274
3929,841
3930,908
3931,777
3932,335
3933,582
3934,275
3935,190
3936,821
3937,480
3938,186
3939,28
3940,530
3941,47
3942,86
3943,323
3944,98
3945,288
3946,83
3947,362
3948,26
3949,399
3950,54
3951,428
3952,418
3953,277
3954,250
3955,196
3956,72
3957,131
3958,356
3959,113
3960,28
3961,48
3962,90
3963,66
3964,49
3965,286
3966,118
3967,204
3968,90
3969,178
3970,80
3971,222
3972,66
3973,304
3974,260
3975,144
3976,36
3977,147
3978,65
3979,24
3980,309
3981,197
3982,19
3983,369
3984,48
3985,52
3986,39
3987,192
3988,227
3989,252
3990,114
3991,267
3992,97
3993,498
3994,189
3995,212
3996,478
3997,252
3998,207
3999,204
4000,73
4001,35
4002,44
4003,122
4004,18
4005,103
4006,81
4007,61
4008,58
4009,177
4010,137
4011,133
4012,41
4013,434
4014,132
4015,331
4016,79
4017,107
4018,112
4019,297
4020,171
4021,246
4022,87
4023,84
4024,91
4025,205
4026,61
4027,214
4028,231
4029,133
4030,203
4031,263
4032,135
4033,345
4034,150
4035,1829
4036,258
4037,526
4038,130
4039,294
4040,277
4041,499
4042,302
4043,240
4044,228
4045,512
4046,86
4047,243
4048,239
4049,345
4050,329
4051,270
4052,241
4053,581
4054,383
4055,964
4056,357
4057,6191
4058,727
4059,1535
4060,416
4061,878
4062,780
4063,1455
4064,668
4065,573
4066,1005
4067,1397
4068,252
4069,379
4070,657
4071,123
4072,239
4073,189
4074,284
4075,297
4076,106
4077,316
4078,133
4079,1121
4080,150
4081,354
4082,102
4083,344
4084,273
4085,333
4086,208
4087,201
4088,90
4089,395
4090,120
4091,218
4092,225
4093,138
4094,229
4095,142
4096,94
4097,342
4098,208
4099,397
4100,168
4101,3319
4102,387
4103,837
4104,301
4105,469
4106,486
4107,1088
4108,400
4109,435
4110,546
4111,484
4112,127
4113,225
4114,222
4115,165
4116,1837
4117,408
4118,76
4119,855
4120,1019
4121,2029
4122,1034
4123,1111
4124,1222
4125,1269
4126,541
4127,2383
4128,2258
4129,1045
4130,748
4131,891
4132,362
4133,813
4134,197
4135,1030
4136,459
4137,251
4138,367
4139,420
4140,62
4141,671
4142,798
4143,1341
4144,465
4145,4241
4146,433
4147,1170
4148,560
4149,1910
4150,2164
4151,785
4152,795
4153,1018
4154,293
4155,304
4156,388
4157,409
4158,366
4159,961
4160,229
4161,184
4162,989
4163,346
4164,376
4165,1153
4166,344
4167,1019
4168,137
4169,1074
4170,214
4171,795
4172,789
4173,915
4174,310
4175,240
4176,263
4177,413
4178,172
4179,349
4180,255
4181,304
4182,76
4183,47
4184,58
4185,197
4186,318
4187,308
4188,59
4189,245
4190,75
4191,687
4192,178
4193,170
4194,267
4195,446
4196,186
4197,179
4198,106
4199,62
4200,70
4201,102
4202,34
4203,691
4204,263
4205,250
4206,321
4207,632
4208,625
4209,825
4210,315
4211,715
4212,232
4213,1012
4214,653
4215,601
4216,836
4217,726
4218,732
4219,755
4220,316
4221,278
4222,287
4223,279
4224,145
4225,796
4226,332
4227,327
4228,72
4229,1181
4230,1830
4231,2819
4232,666
4233,1362
4234,624
4235,3540
4236,1406
4237,1863
4238,2731
4239,2034
4240,1112
4241,1238
4242,841
4243,430
4244,367
4245,569
4246,156
4247,111
4248,271
4249,216
4250,318
4251,661
4252,512
4253,1165
4254,494
4255,987
4256,494
4257,756
4258,525
4259,965
4260,1350
4261,1400
4262,501
4263,634
4264,548
4265,206
4266,392
4267,789
4268,119
4269,50
4270,302
4271,221
4272,49
4273,538
4274,380
4275,903
4276,591
4277,786
4278,364
4279,472
4280,343
4281,1085
4282,918
4283,533
4284,352
4285,468
4286,239
4287,319
4288,253
4289,543
4290,223
4291,80
4292,576
4293,389
4294,49
4295,899
4296,684
4297,1273
4298,564
4299,693
4300,413
4301,933
4302,525
4303,1457
4304,1231
4305,693
4306,610
4307,556
4308,357
4309,289
4310,297
4311,462
4312,483
4313,285
4314,914
4315,705
4316,223
4317,1457
4318,1227
4319,2464
4320,681
4321,1625
4322,559
4323,2240
4324,827
4325,2116
4326,2445
4327,1649
4328,1013
4329,1268
4330,584
4331,907
4332,555
4333,687
4334,607
4335,453
4336,332
4337,418
4338,567
4339,530
4340,620
4341,999
4342,537
4343,400
4344,117
4345,1051
4346,274
4347,1187
4348,882
4349,575
4350,254
4351,351
4352,193
4353,163
4354,303
4355,423
4356,77
4357,57
4358,786
4359,623
4360,199
4361,1917
4362,312
4363,2182
4364,746
4365,1379
4366,386
4367,551
4368,287
4369,2359
4370,1331
4371,502
4372,332
4373,760
4374,369
4375,955
4376,170
4377,511
4378,1124
4379,1601
4380,797
4381,495
4382,470
4383,1600
4384,1581
4385,2419
4386,970
4387,1139
4388,408
4389,2679
4390,1009
4391,2725
4392,3203
4393,1427
4394,909
4395,1224
4396,811
4397,560
4398,666
4399,1020
4400,290
4401,279
4402,480
4403,588
4404,75
4405,953
4406,760
4407,2493
4408,1305
4409,439
4410,243
4411,1016
4412,273
4413,2782
4414,1523
4415,514
4416,202
4417,374
4418,249
4419,745
4420,243
4421,600
4422,540
4423,255
4424,357
4425,429
4426,716
4427,730
4428,505
4429,1377
4430,382
4431,692
4432,204
4433,1020
4434,285
4435,1367
4436,1237
4437,659
4438,418
4439,388
4440,329
4441,619
4442,311
4443,406
4444,801
4445,255
4446,187
4447,68
4448,83
4449,268
4450,274
4451,369
4452,57
4453,313
4454,82
4455,451
4456,223
4457,296
4458,269
4459,473
4460,230
4461,274
4462,163
4463,104
4464,111
4465,97
4466,89
4467,370
4468,389
4469,430
4470,290
4471,1403
4472,941
4473,1587
4474,473
4475,812
4476,275
4477,1984
4478,474
4479,2366
4480,1939
4481,1354
4482,570
4483,540
4484,445
4485,667
4486,310
4487,447
4488,576
4489,495
4490,215
4491,232
4492,367
4493,446
4494,470
4495,1284
4496,188
4497,479
4498,142
4499,1502
4500,270
4501,1161
4502,863
4503,1256
4504,293
4505,298
4506,256
4507,268
4508,89
4509,277
4510,257
4511,24
4512,31
4513,43
4514,21
4515,74
4516,204
4517,345
4518,150
4519,48
4520,40
4521,123
4522,38
4523,330
4524,185
4525,42
4526,79
4527,84
4528,25
4529,90
4530,37
4531,59
4532,58
4533,550
4534,198
4535,89
4536,489
4537,468
4538,306
4539,466
4540,114
4541,884
4542,124
4543,1139
4544,211
4545,352
4546,304
4547,1073
4548,306
4549,263
4550,366
4551,222
4552,212
4553,198
4554,78
4555,264
4556,134
4557,86
4558,208
4559,264
4560,184
4561,272
4562,81
4563,407
4564,87
4565,561
4566,119
4567,198
4568,188
4569,554
4570,214
4571,171
4572,209
4573,119
4574,110
4575,113
4576,59
4577,490
4578,215
4579,104
4580,552
4581,397
4582,239
4583,419
4584,119
4585,776
4586,127
4587,809
4588,172
4589,274
4590,260
4591,736
4592,319
4593,238
4594,280
4595,222
4596,182
4597,183
4598,86
4599,120
4600,47
4601,29
4602,93
4603,98
4604,86
4605,160
4606,31
4607,141
4608,31
4609,309
4610,37
4611,109
4612,77
4613,327
4614,61
4615,56
4616,41
4617,50
4618,33
4619,51
4620,26
4621,444
4622,179
4623,142
4624,436
4625,451
4626,353
4627,504
4628,132
4629,636
4630,108
4631,963
4632,210
4633,421
4634,376
4635,1130
4636,327
4637,332
4638,228
4639,390
4640,156
4641,282
4642,136
4643,302
4644,134
4645,112
4646,189
4647,280
4648,212
4649,364
4650,99
4651,446
4652,90
4653,664
4654,146
4655,288
4656,233
4657,704
4658,267
4659,232
4660,189
4661,122
4662,81
4663,117
4664,69
4665,349
4666,186
4667,124
4668,552
4669,386
4670,255
4671,418
4672,114
4673,758
4674,121
4675,756
4676,195
4677,357
4678,300
4679,818
4680,317
4681,309
4682,210
4683,301
4684,131
4685,210
4686,112
4687,453
4688,219
4689,73
4690,427
4691,417
4692,338
4693,446
4694,81
4695,931
4696,135
4697,1015
4698,190
4699,414
4700,362
4701,1268
4702,275
4703,326
4704,286
4705,227
4706,203
4707,196
4708,81
4709,166
4710,410
4711,121
4712,61
4713,285
4714,624
4715,1182
4716,360
4717,1846
4718,1126
4719,991
4720,311
4721,882
4722,2072
4723,538
4724,312
4725,522
4726,253
4727,395
4728,107
4729,388
4730,355
4731,417
4732,178
4733,258
4734,50
4735,422
4736,255
4737,633
4738,159
4739,157
4740,62
4741,829
4742,207
4743,512
4744,408
4745,430
4746,150
4747,269
4748,173
4749,73
4750,88
4751,476
4752,74
4753,247
4754,107
4755,52
4756,63
4757,139
4758,99
4759,256
4760,49
4761,85
4762,31
4763,317
4764,58
4765,181
4766,171
4767,232
4768,54
4769,94
4770,63
4771,36
4772,62
4773,97
4774,36
4775,171
4776,72
4777,87
4778,353
4779,315
4780,184
4781,660
4782,159
4783,1267
4784,222
4785,634
4786,206
4787,459
4788,270
4789,560
4790,387
4791,339
4792,512
4793,250
4794,247
4795,140
4796,114
4797,121
4798,241
4799,337
4800,381
4801,476
4802,170
4803,531
4804,232
4805,1125
4806,214
4807,418
4808,203
4809,686
4810,446
4811,414
4812,690
4813,369
4814,255
4815,494
4816,296
4817,373
4818,288
4819,56
4820,95
4821,82
4822,36
4823,166
4824,109
4825,181
4826,76
4827,428
4828,102
4829,304
4830,143
4831,187
4832,216
4833,300
4834,111
4835,158
4836,124
4837,114
4838,75
4839,63
4840,63
4841,244
4842,209
4843,334
4844,217
4845,672
4846,444
4847,1678
4848,753
4849,5663
4850,1273
4851,1807
4852,853
4853,1657
4854,1341
4855,1173
4856,804
4857,1002
4858,870
4859,1217
4860,343
4861,288
4862,608
4863,196
4864,271
4865,297
4866,256
4867,283
4868,297
4869,765
4870,326
4871,1741
4872,225
4873,600
4874,299
4875,750
4876,794
4877,566
4878,752
4879,437
4880,355
4881,531
4882,142
4883,285
4884,383
4885,145
4886,273
4887,228
4888,93
4889,299
4890,341
4891,577
4892,267
4893,1635
4894,257
4895,742
4896,307
4897,536
4898,577
4899,710
4900,556
4901,324
4902,388
4903,372
4904,112
4905,216
4906,258
4907,120
4908,19
4909,26
4910,139
4911,27
4912,41
4913,202
4914,64
4915,486
4916,20
4917,232
4918,28
4919,183
4920,100
4921,271
4922,38
4923,27
4924,39
4925,84
4926,19
4927,24
4928,33
4929,148
4930,196
4931,101
4932,89
4933,277
4934,208
4935,448
4936,159
4937,2003
4938,204
4939,485
4940,208
4941,426
4942,341
4943,605
4944,352
4945,306
4946,395
4947,306
4948,104
4949,116
4950,154
4951,256
4952,85
4953,142
4954,260
4955,231
4956,207
4957,565
4958,270
4959,1470
4960,91
4961,621
4962,143
4963,594
4964,392
4965,863
4966,318
4967,306
4968,317
4969,624
4970,100
4971,150
4972,320
4973,165
4974,50
4975,47
4976,230
4977,153
4978,70
4979,153
4980,37
4981,242
4982,31
4983,147
4984,49
4985,104
4986,90
4987,81
4988,78
4989,79
4990,65
4991,68
4992,74
4993,80
4994,47
4995,57
4996,35
4997,32
4998,12
4999,74
5000,157
5001,192
5002,50
5003,163
5004,26
5005,247
5006,122
5007,170
5008,215
5009,252
5010,92
5011,92
5012,72
5013,27
5014,16
5015,37
5016,21
5017,38
5018,37
5019,30
5020,22
5021,75
5022,94
5023,173
5024,26
5025,97
5026,21
5027,154
5028,69
5029,156
5030,139
5031,157
5032,93
5033,103
5034,50
5035,58
5036,20
5037,71
5038,32
5039,168
5040,61
5041,39
5042,62
5043,296
5044,325
5045,389
5046,78
5047,496
5048,91
5049,945
5050,240
5051,301
5052,771
5053,750
5054,235
5055,256
5056,218
5057,95
5058,152
5059,126
5060,46
5061,28
5062,91
5063,167
5064,16
5065,171
5066,118
5067,544
5068,316
5069,167
5070,100
5071,156
5072,85
5073,717
5074,303
5075,222
5076,83
5077,116
5078,111
5079,326
5080,44
5081,140
5082,176
5083,169
5084,141
5085,124
5086,120
5087,244
5088,373
5089,413
5090,119
5091,302
5092,82
5093,563
5094,240
5095,494
5096,642
5097,743
5098,234
5099,220
5100,144
5101,97
5102,107
5103,177
5104,61
5105,85
5106,107
5107,30
5108,29
5109,193
5110,176
5111,317
5112,51
5113,260
5114,74
5115,442
5116,120
5117,328
5118,296
5119,288
5120,108
5121,112
5122,141
5123,49
5124,72
5125,94
5126,31
5149,254
5150,153
5151,41
5152,54
5153,382
5154,405
5155,331
5156,51
5157,816
5158,149
5159,831
5160,240
5161,326
5162,413
5163,656
5164,293
5165,271
5166,331
5167,80
5168,235
5169,115
5170,51
5171,205
5172,211
5173,117
5174,245
5175,327
5176,142
5177,372
5178,95
5179,626
5180,107
5181,328
5182,104
5183,343
5184,328
5185,245
5186,172
5187,233
5188,99
5189,169
5190,224
5191,159
5192,165
5193,130
5194,139
5195,85
5196,43
5197,298
5198,483
5199,466
5200,148
5201,491
5202,193
5203,574
5204,199
5205,420
5206,800
5207,293
5208,174
5209,318
5210,199
5211,95
5212,168
5213,295
5214,55
5215,18
5216,33
5217,55
5218,14
5219,51
5220,69
5221,177
5222,39
5223,22
5224,14
5225,43
5226,47
5227,110
5228,152
5229,33
5230,63
5231,188
5232,16
5233,36
5234,37
5235,128
5236,41
5237,55
5238,237
5239,223
5240,51
5241,603
5242,229
5243,421
5244,403
5245,321
5246,129
5247,359
5248,193
5249,856
5250,578
5251,260
5252,169
5253,277
5254,117
5255,109
5256,355
5257,361
5258,85
5259,189
5260,427
5261,400
5262,145
5263,880
5264,358
5265,593
5266,340
5267,721
5268,182
5269,847
5270,261
5271,881
5272,878
5273,781
5274,312
5275,557
5276,250
5277,164
5278,736
5279,453
5280,147
5281,26
5282,442
5283,39
5284,75
5285,269
5286,83
5287,257
5288,65
5289,319
5290,20
5291,329
5292,44
5293,389
5294,367
5295,234
5296,218
5297,169
5298,63
5299,116
5300,295
5301,98
5302,27
5303,42
5304,75
5305,56
5306,42
5307,266
5308,96
5309,204
5310,83
5311,154
5312,71
5313,219
5314,61
5315,316
5316,245
5317,127
5318,33
5319,126
5320,50
5321,21
5322,326
5323,194
5324,14
5325,348
5326,42
5327,43
5328,32
5329,201
5330,221
5331,239
5332,95
5333,233
5334,74
5335,465
5336,178
5337,215
5338,472
5339,224
5340,191
5341,184
5342,60
5343,33
5344,36
5345,100
5346,15
5347,87
5348,71
5349,60
5350,51
5351,154
5352,126
5353,121
5354,35
5355,349
5356,115
5357,273
5358,72
5359,101
5360,103
5361,266
5362,149
5363,219
5364,79
5365,78
5366,80
5367,187
5368,54
5369,258
5370,276
5371,207
5372,102
5373,434
5374,293
5375,561
5376,264
5377,703
5378,305
5379,528
5380,243
5381,620
5382,825
5383,343
5384,579
5385,334
5386,178
5387,290
5388,189
5389,267
5390,125
5391,37
5392,149
5393,150
5394,27
5395,221
5396,124
5397,525
5398,278
5399,1183
5400,251
5401,305
5402,131
5403,390
5404,250
5405,239
5406,181
5407,171
5408,235
5409,474
5410,72
5411,93
5412,294
5413,23
5414,151
5415,32
5416,1
5417,165
5418,66
5419,84
5420,85
5421,146
5422,28
5423,200
5424,108
5425,184
5426,149
5427,133
5428,46
5429,58
5430,23
5431,23
5432,96
5433,46
5434,14
5435,501
5436,118
5437,167
5438,204
5439,348
5440,599
5441,739
5442,212
5443,504
5444,138
5445,1101
5446,376
5447,432
5448,576
5449,608
5450,276
5451,381
5452,200
5453,165
5454,134
5455,178
5456,40
5457,429
5458,140
5459,142
5460,15
5461,564
5462,977
5463,1119
5464,208
5465,477
5466,289
5467,1629
5468,482
5469,429
5470,779
5471,895
5472,444
5473,510
5474,281
5475,146
5476,108
5477,183
5478,47
5479,2
5480,30
5481,91
5482,8
5483,122
5484,44
5485,182
5486,223
5487,14
5488,28
5489,57
5490,27
5491,463
5492,173
5493,26
5494,32
5495,46
5496,15
5497,41
5498,16
5499,47
5500,9
5501,27
5502,85
5503,115
5504,16
5505,158
5506,55
5507,472
5508,216
5509,873
5510,214
5511,138
5512,96
5513,676
5514,418
5515,79
5516,175
5517,239
5518,89
5519,49
5520,70
5521,176
5522,29
5523,77
5524,243
5525,130
5526,42
5527,382
5528,287
5529,248
5530,91
5531,217
5532,123
5533,378
5534,189
5535,281
5536,334
5537,308
5538,188
5539,304
5540,102
5541,90
5542,186
5543,117
5544,105
5545,148
5546,530
5547,91
5548,37
5549,421
5550,419
5551,1122
5552,362
5553,998
5554,837
5555,813
5556,307
5557,474
5558,1162
5559,522
5560,361
5561,561
5562,241
5563,275
5564,198
5565,427
5566,369
5567,154
5568,161
5569,389
5570,9
5571,488
5572,169
5573,682
5574,190
5575,54
5576,54
5577,273
5578,171
5579,471
5580,357
5581,145
5582,51
5583,239
5584,162
5585,51
5586,31
5587,436
5588,42
5589,146
5590,195
5591,95
5592,64
5593,305
5594,261
5595,374
5596,135
5597,2459
5598,237
5599,492
5600,226
5601,278
5602,412
5603,569
5604,457
5605,392
5606,265
5607,308
5608,205
5609,143
5610,119
5611,264
5612,301
5613,142
5614,141
5615,508
5616,434
5617,677
5618,194
5619,2092
5620,307
5621,970
5622,285
5623,479
5624,649
5625,892
5626,714
5627,433
5628,403
5629,390
5630,222
5631,248
5632,183
5633,128
5634,41
5635,71
5636,227
5637,94
5638,119
5639,291
5640,151
5641,470
5642,43
5643,269
5644,73
5645,325
5646,259
5647,281
5648,113
5649,56
5650,78
5651,194
5652,34
5653,62
5654,134
5655,102
5656,104
5657,83
5658,111
5659,156
5660,151
5661,449
5662,138
5663,1537
5664,156
5665,368
5666,135
5667,517
5668,243
5669,385
5670,246
5671,196
5672,247
5673,161
5674,66
5675,79
5676,47
5677,51
5678,69
5679,83
5680,35
5681,144
5682,345
5683,272
5684,133
5685,231
5686,21
5687,188
5688,31
5689,228
5690,276
5691,134
5692,62
5693,93
5694,21
5695,37
5696,20
5697,51
5698,74
5699,43
5700,92
5701,156
5702,1
5703,1
5704,193
5705,482
5706,456
5707,113
5708,264
5709,97
5710,163
5711,111
5712,320
5713,401
5714,172
5715,143
5716,177
5717,60
5718,14
5719,65
5720,62
5721,84
5722,40
5723,505
5724,152
5725,19
5726,9
5727,400
5728,217
5729,242
5730,179
5731,392
5732,152
5733,129
5734,243
5735,245
5736,352
5737,254
5738,278
5739,660
5740,132
5741,94
5742,238
5743,251
5744,34
5745,80
5746,77
5747,72
5748,68
5749,539
5750,222
5751,516
5752,98
5753,1397
5754,187
5755,470
5756,288
5757,428
5758,507
5759,349
5760,225
5761,252
5762,256
5763,266
5764,115
5765,108
5766,34
5767,18
5768,120
5769,143
5770,20
5771,322
5772,103
5773,314
5774,227
5775,196
5776,128
5777,189
5778,93
5779,385
5780,235
5781,118
5782,75
5783,195
5784,45
5785,93
5786,101
5787,203
5788,47
5789,45
5790,84
5791,55
5792,7
5793,141
5794,135
5795,101
5796,48
5797,157
5798,60
5799,122
5800,114
5801,96
5802,92
5803,123
5804,120
5805,149
5806,65
5807,38
5808,41
5809,57
5810,22
5811,32
5812,96
5813,322
5814,11
5815,249
5816,209
5817,1288
5818,647
5819,267
5820,122
5821,285
5822,127
5823,973
5824,610
5825,84
5826,115
5827,90
5828,101
5829,209
5830,51
5831,152
5832,137
5833,703
5834,141
5835,122
5836,94
5837,439
5838,544
5839,420
5840,143
5841,577
5842,198
5843,1340
5844,320
5845,261
5846,445
5847,631
5848,323
5849,318
5850,153
5851,71
5852,130
5853,142
5854,5
5855,157
5856,196
5857,142
5858,76
5859,242
5860,185
5861,382
5862,161
5863,363
5864,231
5865,370
5866,140
5867,395
5868,582
5869,197
5870,353
5871,192
5872,148
5873,171
5874,152
5875,160
5876,120
5877,31
5878,134
5879,131
5880,34
5881,207
5882,117
5883,457
5884,235
5885,898
5886,237
5887,300
5888,99
5889,359
5890,297
5891,204
5892,158
5893,154
5894,218
5895,382
5896,63
5897,87
5898,298
5899,5
5900,70
5901,10
5902,1
5903,54
5904,18
5905,26
5906,16
5907,24
5908,10
5909,100
5910,27
5911,97
5912,73
5913,60
5914,11
5915,9
5916,12
5917,7
5918,53
5919,11
5920,14
5921,303
5922,67
5923,103
5924,138
5925,192
5926,364
5927,524
5928,134
5929,308
5930,92
5931,790
5932,209
5933,279
5934,393
5935,372
5936,168
5937,224
5938,128
5939,113
5940,83
5941,99
5942,26
5943,285
5944,101
5945,100
5946,10
5947,361
5948,672
5949,949
5950,143
5951,394
5952,211
5953,1260
5954,315
5955,370
5956,644
5957,657
5958,326
5959,351
5960,229
5961,94
5962,85
5963,138
5964,42
5965,1
5966,11
5967,50
5968,6
5969,54
5970,13
5971,111
5972,126
5973,5
5974,7
5975,22
5976,8
5977,270
5978,110
5979,5
5980,7
5981,9
5982,8
5983,7
5984,6
5985,10
5986,10
5987,5
5988,27
5989,57
5990,8
5991,80
5992,14
5993,256
5994,113
5995,506
5996,131
5997,91
5998,30
5999,373
6000,240
6001,26
6002,95
6003,118
6004,31
6005,7
6006,29
6007,82
6008,11
6009,16
6010,181
6011,57
6012,16
6013,190
6014,157
6015,151
6016,20
6017,85
6018,68
6019,216
6020,79
6021,159
6022,210
6023,158
6024,105
6025,128
6026,61
6027,19
6028,135
6029,44
6030,73
6031,66
6032,330
6033,36
6034,10
6035,207
6036,228
6037,704
6038,190
6039,516
6040,543
6041,501
6042,160
6043,310
6044,723
6045,295
6046,181
6047,276
6048,138
6049,140
6050,120
6051,203
6052,303
6053,117
6054,124
6055,285
6056,11
6057,310
6058,117
6059,435
6060,141
6061,18
6062,45
6063,218
6064,113
6065,338
6066,269
6067,118
6068,30
6069,171
6070,137
6071,36
6072,24
6073,290
6074,44
6075,89
6076,144
6077,54
6078,44
6079,171
6080,155
6081,231
6082,77
6083,1524
6084,159
6085,364
6086,142
6087,187
6088,277
6089,388
6090,274
6091,220
6092,193
6093,201
6094,157
6095,85
6096,116
6097,216
6098,288
6099,130
6100,142
6101,429
6102,382
6103,615
6104,171
6105,1802
6106,282
6107,956
6108,240
6109,447
6110,663
6111,781
6112,599
6113,317
6114,404
6115,293
6116,199
6117,223
6118,212
6119,94
6120,36
6121,48
6122,184
6123,64
6124,85
6125,210
6126,117
6127,298
6128,36
6129,216
6130,41
6131,217
6132,235
6133,202
6134,80
6135,28
6136,68
6137,130
6138,31
6139,43
6140,123
6141,101
6142,109
6143,84
6144,108
6145,146
6146,146
6147,463
6148,127
6149,1279
6150,153
6151,387
6152,118
6153,487
6154,240
6155,385
6156,217
6157,176
6158,247
6159,157
6160,70
6161,91
6162,69
6163,45
6164,69
6165,69
6166,32
6167,125
6168,251
6169,236
6170,112
6171,181
6172,23
6173,191
6174,26
6175,206
6176,243
6177,136
6178,52
6179,82
6180,27
6181,29
6182,22
6183,49
6184,85
6185,8
6186,39
6187,90
6188,106
6189,218
6190,249
6191,48
6192,110
6193,35
6194,79
6195,43
6196,174
6197,214
6198,80
6199,58
6200,77
6201,12
6202,9
6203,22
6204,12
6205,53
6206,10
6207,335
6208,83
6209,1
6210,233
6211,142
6212,148
6213,111
6214,231
6215,91
6216,79
6217,151
6218,159
6219,221
6220,164
6221,163
6222,382
6223,72
6224,51
6225,151
6226,143
6227,18
6228,29
6229,28
6230,29
6231,30
6232,315
6233,128
6234,357
6235,34
6236,760
6237,107
6238,296
6239,164
6240,311
6241,325
6242,216
6243,120
6244,127
6245,126
6246,147
6247,56
6248,29
6249,15
6250,7
6251,63
6252,91
6253,6
6254,203
6255,40
6256,177
6257,126
6258,75
6259,62
6260,117
6261,40
6262,229
6263,142
6264,63
6265,19
6266,107
6267,8
6268,47
6269,59
6270,105
6271,20
6272,8
6273,37
6274,15
6275,1
6276,71
6277,67
6278,39
6279,10
6280,58
6281,16
6282,65
6283,48
6284,39
6285,40
6286,74
6287,49
6288,70
6289,13
6290,9
6291,8
6292,7
6293,5
6294,11
6295,66
6296,197
6297,4
6298,167
6299,125
6300,808
6301,398
6302,130
6303,76
6304,178
6305,65
6306,647
6307,397
6308,53
6309,59
6310,40
6311,51
6312,137
6313,24
6314,87
6315,106
6316,520
6317,97
6318,86
6319,57
6320,318
6321,345
6322,321
6323,108
6324,421
6325,134
6326,1121
6327,212
6328,197
6329,355
6330,469
6331,227
6332,213
6333,104
6334,52
6335,95
6336,92
6337,4
6338,231
6339,213
6340,182
6341,101
6342,337
6343,210
6344,477
6345,231
6346,531
6347,256
6348,421
6349,192
6350,540
6351,644
6352,275
6353,380
6354,252
6355,165
6356,280
6357,163
6358,202
6359,136
6360,77
6361,167
6362,197
6363,63
6364,297
6365,168
6366,703
6367,361
6368,1412
6369,278
6370,379
6371,163
6372,540
6373,350
6374,332
6375,197
6376,206
6377,281
6378,664
6379,92
6380,119
6381,442
6382,23
6383,72
6384,22
6385,8
6386,73
6387,31
6388,37
6389,43
6390,63
6391,14
6392,93
6393,50
6394,112
6395,82
6396,62
6397,18
6398,27
6399,18
6400,27
6401,46
6402,24
6403,16
6404,552
6405,122
6406,181
6407,228
6408,318
6409,528
6410,795
6411,232
6412,518
6413,138
6414,1062
6415,339
6416,497
6417,603
6418,607
6419,241
6420,352
6421,190
6422,193
6423,139
6424,164
6425,73
6426,525
6427,167
6428,179
6429,70
6430,625
6431,1027
6432,1451
6433,268
6434,746
6435,309
6436,1743
6437,540
6438,655
6439,1035
6440,1131
6441,522
6442,620
6443,332
6444,203
6445,140
6446,207
6447,97
6448,10
6449,27
6450,66
6451,21
6452,75
6453,27
6454,125
6455,165
6456,13
6457,19
6458,20
6459,29
6460,364
6461,113
6462,10
6463,14
6464,25
6465,21
6466,36
6467,16
6468,25
6469,29
6470,26
6471,39
6472,82
6473,17
6474,92
6475,32
6476,291
6477,144
6478,670
6479,127
6480,90
6481,45
6482,466
6483,254
6484,29
6485,96
6486,138
6487,48
6488,35
6489,34
6490,82
6491,25
6492,61
6493,155
6494,81
6495,35
6496,257
6497,152
6498,170
6499,69
6500,113
6501,71
6502,217
6503,107
6504,196
6505,203
6506,209
6507,104
6508,175
6509,64
6510,74
6511,128
6512,56
6513,79
6514,98
6515,345
6516,53
6517,27
6518,272
6519,265
6520,787
6521,250
6522,690
6523,604
6524,536
6525,184
6526,372
6527,735
6528,352
6529,186
6530,339
6531,154
6532,217
6533,117
6534,248
6535,411
6536,168
6537,149
6538,414
6539,34
6540,528
6541,155
6542,609
6543,206
6544,43
6545,60
6546,277
6547,161
6548,466
6549,336
6550,142
6551,47
6552,231
6553,177
6554,68
6555,42
6556,402
6557,64
6558,143
6559,157
6560,85
6561,63
6562,227
6563,191
6564,294
6565,112
6566,2176
6567,181
6568,425
6569,191
6570,245
6571,324
6572,494
6573,344
6574,303
6575,225
6576,305
6577,180
6578,117
6579,137
6580,340
6581,344
6582,191
6583,176
6584,672
6585,453
6586,894
6587,248
6588,2315
6589,341
6590,1276
6591,338
6592,652
6593,909
6594,1043
6595,785
6596,474
6597,479
6598,497
6599,241
6600,294
6601,231
6602,167
6603,42
6604,77
6605,243
6606,96
6607,112
6608,288
6609,169
6610,450
6611,46
6612,270
6613,69
6614,323
6615,281
6616,288
6617,117
6618,55
6619,80
6620,213
6621,41
6622,67
6623,162
6624,163
6625,150
6626,132
6627,149
6628,208
6629,206
6630,674
6631,208
6632,2079
6633,194
6634,531
6635,186
6636,731
6637,386
6638,638
6639,319
6640,255
6641,354
6642,253
6643,99
6644,133
6645,97
6646,82
6647,84
6648,110
6649,59
6650,178
6651,315
6652,345
6653,166
6654,279
6655,37
6656,245
6657,51
6658,285
6659,312
6660,183
6661,66
6662,117
6663,42
6664,66
6665,38
6666,67
6667,116
6668,26
6669,39
6670,103
6671,5
6672,95
6673,282
6674,305
6675,57
6676,128
6677,42
6678,70
6679,50
6680,199
6681,238
6682,73
6683,56
6684,87
6685,31
6686,21
6687,27
6688,23
6689,63
6690,47
6691,405
6692,130
6693,27
6694,332
6695,171
6696,208
6697,159
6698,324
6699,118
6700,110
6701,196
6702,222
6703,281
6704,210
6705,216
6706,520
6707,111
6708,86
6709,196
6710,184
6711,41
6712,56
6713,48
6714,50
6715,54
6716,409
6717,152
6718,484
6719,74
6720,1053
6721,132
6722,391
6723,196
6724,407
6725,405
6726,268
6727,145
6728,165
6729,161
6730,215
6731,69
6732,53
6733,39
6734,26
6735,75
6736,111
6737,25
6738,221
6739,51
6740,212
6741,147
6742,90
6743,76
6744,120
6745,53
6746,266
6747,147
6748,66
6749,35
6750,115
6751,32
6752,62
6753,56
6754,117
6755,36
6756,30
6757,44
6758,35
6759,10
6760,80
6761,77
6762,57
6763,32
6764,72
6765,27
6766,73
6767,65
6768,58
6769,48
6770,82
6771,63
6772,84
6773,34
6774,29
6775,21
6776,25
6777,18
6778,34
6779,66
6780,256
6781,26
6782,191
6783,142
6784,1031
6785,482
6786,167
6787,100
6788,196
6789,85
6790,794
6791,455
6792,44
6793,69
6794,55
6795,65
6796,179
6797,35
6798,98
6799,134
6800,891
6801,157
6802,152
6803,120
6804,490
6805,547
6806,488
6807,178
6808,697
6809,201
6810,1473
6811,323
6812,311
6813,535
6814,732
6815,336
6816,338
6817,167
6818,112
6819,151
6820,166
6821,58
6822,191
6823,213
6824,174
6825,104
6826,259
6827,200
6828,503
6829,193
6830,480
6831,270
6832,465
6833,161
6834,532
6835,678
6836,241
6837,433
6838,208
6839,186
6840,239
6841,160
6842,198
6843,164
6844,60
6845,151
6846,165
6847,54
6848,233
6849,145
6850,663
6851,304
6852,1165
6853,270
6854,383
6855,146
6856,474
6857,372
6858,244
6859,195
6860,182
6861,285
6862,565
6863,75
6864,108
6865,407
6866,17
6867,77
6868,21
6869,9
6870,61
6871,31
6872,49
6873,34
6874,70
6875,20
6876,112
6877,44
6878,108
6879,90
6880,65
6881,24
6882,21
6883,26
6884,21
6885,47
6886,30
6887,29
6888,493
6889,111
6890,151
6891,200
6892,273
6893,524
6894,828
6895,184
6896,480
6897,140
6898,1161
6899,301
6900,454
6901,626
6902,586
6903,246
6904,333
6905,198
6906,176
6907,120
6908,141
6909,72
6910,533
6911,152
6912,163
6913,59
6914,621
6915,1103
6916,1461
6917,229
6918,739
6919,302
6920,1925
6921,529
6922,643
6923,1168
6924,1131
6925,564
6926,603
6927,376
6928,187
6929,126
6930,206
6931,109
6932,14
6933,21
6934,59
6935,17
6936,57
6937,23
6938,127
6939,144
6940,13
6941,19
6942,34
6943,21
6944,356
6945,117
6946,16
6947,18
6948,21
6949,22
6950,32
6951,17
6952,31
6953,28
6954,16
6955,36
6956,70
6957,18
6958,70
6959,23
6960,295
6961,119
6962,638
6963,124
6964,80
6965,39
6966,420
6967,262
6968,37
6969,95
6970,120
6971,48
6972,30
6973,29
6974,83
6975,27
6976,39
6977,144
6978,70
6979,38
6980,206
6981,158
6982,169
6983,47
6984,86
6985,73
6986,274
6987,90
6988,171
6989,263
6990,178
6991,106
6992,142
6993,86
6994,53
6995,121
6996,62
6997,95
6998,70
6999,316
7000,47
7001,20
7002,243
7003,256
7004,817
7005,215
7006,639
7007,577
7008,561
7009,170
7010,336
7011,790
7012,308
7013,187
7014,304
7015,156
7016,191
7017,103
7018,237
7019,379
7020,142
7021,133
7022,373
7023,23
7024,448
7025,140
7026,633
7027,158
7028,35
7029,59
7030,282
7031,142
7032,406
7033,346
7034,122
7035,45
7036,183
7037,170
7038,53
7039,37
7040,386
7041,60
7042,121
7043,163
7044,77
7045,75
7046,188
7047,180
7048,303
7049,101
7050,1970
7051,183
7052,474
7053,162
7054,224
7055,358
7056,540
7057,384
7058,290
7059,250
7060,268
7061,179
7062,112
7063,151
7064,259
7065,328
7066,155
7067,160
7068,597
7069,492
7070,866
7071,209
7072,2246
7073,335
7074,1216
7075,309
7076,620
7077,951
7078,973
7079,831
7080,424
7081,584
7082,450
7083,227
7084,290
7085,250
7086,122
7087,37
7088,65
7089,221
7090,67
7091,98
7092,256
7093,133
7094,388
7095,44
7096,257
7097,57
7098,287
7099,289
7100,235
7101,105
7102,38
7103,90
7104,155
7105,36
7106,65
7107,145
7108,134
7109,134
7110,109
7111,150
7112,189
7113,175
7114,739
7115,170
7116,2009
7117,178
7118,577
7119,150
7120,700
7121,396
7122,584
7123,339
7124,228
7125,380
7126,222
7127,82
7128,122
7129,104
7130,67
7131,78
7132,93
7133,49
7134,135
7135,317
7136,340
7137,138
7138,219
7139,34
7140,248
7141,44
7142,243
7143,303
7144,147
7145,62
7146,93
7147,42
7148,52
7149,34
7150,61
7151,106
7152,24
7153,41
7154,90
7155,4
7156,79
7157,366
7158,324
7159,55
7160,121
7161,48
7162,88
7163,48
7164,184
7165,257
7166,58
7167,65
7168,71
7169,45
7170,17
7171,28
7172,28
7173,86
7174,36
7175,419
7176,102
7177,312
7178,160
7179,184
7180,149
7181,302
7182,111
7183,92
7184,180
7185,207
7186,277
7187,197
7188,193
7189,551
7190,102
7191,83
7192,185
7193,165
7194,36
7195,55
7196,40
7197,40
7198,35
7199,413
7200,134
7201,533
7202,75
7203,1050
7204,115
7205,426
7206,182
7207,426
7208,424
7209,297
7210,143
7211,141
7212,157
7213,229
7214,64
7215,50
7216,34
7217,21
7218,19
7219,75
7220,99
7221,209
7222,43
7223,203
7224,145
7225,81
7226,67
7227,117
7228,48
7229,267
7230,141
7231,66
7232,34
7233,109
7234,33
7235,57
7236,52
7237,115
7238,36
7239,29
7240,39
7241,32
7242,10
7243,79
7244,74
7245,48
7246,30
7247,58
7248,26
7249,64
7250,61
7251,49
7252,46
7253,73
7254,56
7255,77
7256,37
7257,28
7258,21
7259,24
7260,18
7261,26
7262,55
7263,226
7264,16
7265,161
7266,125
7267,1044
7268,508
7269,134
7270,74
7271,185
7272,80
7273,775
7274,472
7275,47
7276,58
7277,41
7278,50
7279,157
7280,33
7281,86
7282,115
7283,929
7284,133
7285,134
7286,108
7287,487
7288,616
7289,518
7290,163
7291,701
7292,178
7293,1525
7294,308
7295,303
7296,604
7297,814
7298,344
7299,335
7300,154
7301,113
7302,138
7303,154
7304,54
